[gd_scene load_steps=9 format=2]

[ext_resource path="res://scripts/GliderRoot.gd" type="Script" id=1]
[ext_resource path="res://default_env.tres" type="Environment" id=2]
[ext_resource path="res://textures/grass.jpg" type="Texture" id=3]

[sub_resource type="CubeMesh" id=1]
size = Vector3( 1, 0.25, 2 )

[sub_resource type="BoxShape" id=2]
extents = Vector3( 0.5, 0.125, 1 )

[sub_resource type="BoxShape" id=3]
extents = Vector3( 1000, 1, 1000 )

[sub_resource type="SpatialMaterial" id=4]
albedo_color = Color( 0.337255, 0.360784, 0.223529, 1 )
albedo_texture = ExtResource( 3 )
uv1_scale = Vector3( 1000, 1000, 1 )

[sub_resource type="CubeMesh" id=5]
material = SubResource( 4 )
size = Vector3( 2000, 2, 2000 )

[node name="Spatial" type="Spatial"]

[node name="GliderRoot" type="RigidBody" parent="."]
script = ExtResource( 1 )

[node name="MeshInstance" type="MeshInstance" parent="GliderRoot"]
mesh = SubResource( 1 )
material/0 = null

[node name="Camera" type="Camera" parent="GliderRoot"]
transform = Transform( -1, 0, -8.74228e-08, -2.12044e-08, 0.970139, 0.24255, 8.48122e-08, 0.24255, -0.970139, 0, 0.81349, -2.78791 )
environment = ExtResource( 2 )
current = true
far = 2720.0

[node name="CollisionShape" type="CollisionShape" parent="GliderRoot"]
shape = SubResource( 2 )

[node name="Ground" type="StaticBody" parent="."]
transform = Transform( 1, 0, 0, 0, 1, 0, 0, 0, 1, 0, -43.2288, 0 )

[node name="CollisionShape" type="CollisionShape" parent="Ground"]
shape = SubResource( 3 )

[node name="MeshInstance" type="MeshInstance" parent="Ground"]
mesh = SubResource( 5 )
material/0 = null

[node name="DirectionalLight" type="DirectionalLight" parent="."]
transform = Transform( 1, 0, 0, 0, 0.42736, 0.904082, 0, -0.904082, 0.42736, 0, 4.27472, 0 )
shadow_enabled = true

[node name="Camera2" type="Camera" parent="."]
transform = Transform( -1, -1.77636e-14, -8.74227e-08, -2.12044e-08, 0.970139, 0.24255, 8.48122e-08, 0.24255, -0.970139, 0, 0.81349, -5.11435 )
environment = ExtResource( 2 )
