[gd_scene load_steps=9 format=2]

[ext_resource path="res://textures/grass.jpg" type="Texture" id=1]
[ext_resource path="res://scenes/TestGlider.gd" type="Script" id=2]

[sub_resource type="BoxShape" id=1]

[sub_resource type="SpatialMaterial" id=2]
flags_unshaded = true
flags_vertex_lighting = true
flags_do_not_receive_shadows = true
flags_disable_ambient_light = true
albedo_texture = ExtResource( 1 )
uv1_scale = Vector3( 1536, 1024, 1 )

[sub_resource type="CubeMesh" id=3]
material = SubResource( 2 )

[sub_resource type="BoxShape" id=8]

[sub_resource type="CapsuleShape" id=4]
radius = 0.01
height = 2.0

[sub_resource type="CapsuleShape" id=5]
radius = 0.01
height = 6.0

[node name="TestLevel" type="Spatial"]

[node name="Ground" type="StaticBody" parent="."]
transform = Transform( 1024, 0, 0, 0, 1, 0, 0, 0, 1024, 0, 0, 0 )

[node name="CollisionShape" type="CollisionShape" parent="Ground"]
shape = SubResource( 1 )

[node name="MeshInstance" type="MeshInstance" parent="Ground"]
transform = Transform( 1, 0, 0, 0, 1, 0, 0, 0, 1, -1.97999e-06, -0.00858021, 1.10641e-06 )
mesh = SubResource( 3 )
material/0 = null

[node name="TestGlider" type="RigidBody" parent="."]
transform = Transform( 0.493259, -0.195267, 0.847683, 0, 0.97448, 0.224475, -0.869883, -0.110724, 0.480671, 0, 205.861, 0 )
script = ExtResource( 2 )

[node name="Camera" type="Camera" parent="TestGlider"]
transform = Transform( 1, 0, 0, 0, 0.861015, 0.50858, 0, -0.50858, 0.861015, 0.00213456, 2.50616, 9.38213 )
current = true
far = 2000.0

[node name="MassSimulator" type="CollisionShape" parent="TestGlider"]
shape = SubResource( 8 )

[node name="CollisionShape" type="CollisionShape" parent="TestGlider"]
shape = SubResource( 4 )

[node name="CollisionShape2" type="CollisionShape" parent="TestGlider"]
transform = Transform( -1.62921e-07, 0, 1, 0, 1, 0, -1, 0, -1.62921e-07, 0, 0, 0 )
shape = SubResource( 5 )

[node name="MeshRoot" type="Spatial" parent="TestGlider"]

[node name="Camera" type="Camera" parent="."]
transform = Transform( 1, 0, 0, 0, 0.969719, 0.244224, 0, -0.244224, 0.969719, 0, 113.71, 218.207 )
far = 2000.0
